StartChar: uni1EC4
Encoding: 7876 7876 833
Width: 630
Flags: W
LayerCount: 2
Fore
Refer: 530 771 N 1 0 0 0.89978 125 207 2
Refer: 529 770 N 1 0 0 0.89978 110 46 2
Refer: 40 69 N 1 0 0 1 0 0 2
EndChar
