StartChar: uni1EC5
Encoding: 7877 7877 834
Width: 530
Flags: W
LayerCount: 2
Fore
Refer: 530 771 N 1 0 0 0.89978 41 8 2
Refer: 529 770 N 1 0 0 0.89978 23 -153 2
Refer: 72 101 N 1 0 0 1 0 0 2
EndChar
