StartChar: uni1ED7
Encoding: 7895 7895 852
Width: 540
Flags: W
LayerCount: 2
Fore
Refer: 530 771 N 1 0 0 0.89978 28 8 2
Refer: 529 770 N 1 0 0 0.89978 10 -153 2
Refer: 82 111 N 1 0 0 1 0 0 2
EndChar
