StartChar: uni1EAA
Encoding: 7850 7850 807
Width: 735
Flags: W
LayerCount: 2
Fore
Refer: 530 771 N 1 0 0 0.89978 135 207 2
Refer: 529 770 N 1 0 0 0.89978 120 46 2
Refer: 36 65 N 1 0 0 1 0 0 2
EndChar
