StartChar: uni1EAB
Encoding: 7851 7851 808
Width: 521
Flags: W
LayerCount: 2
Fore
Refer: 530 771 N 1 0 0 0.89978 43 8 2
Refer: 529 770 N 1 0 0 0.89978 25 -153 2
Refer: 68 97 N 1 0 0 1 0 0 2
EndChar
