StartChar: uni1ED6
Encoding: 7894 7894 851
Width: 753
Flags: W
LayerCount: 2
Fore
Refer: 530 771 N 1 0 0 0.89978 144 207 2
Refer: 529 770 N 1 0 0 0.89978 129 46 2
Refer: 50 79 N 1 0 0 1 0 0 2
EndChar
