StartChar: uni2177
Encoding: 8567 8567 954
Width: 1000
Flags: W
LayerCount: 2
Fore
Refer: 76 105 N 0.980042 0 0 1 792 0 2
Refer: 76 105 N 0.980042 0 0 1 630 0 2
Refer: 76 105 N 0.980042 0 0 1 466 0 2
Refer: 89 118 N 1 0 0 1 0 0 2
EndChar
