StartChar: uni304C
Encoding: 12364 12364 1126
Width: 1000
GlyphClass: 2
Flags: W
LayerCount: 2
Fore
Refer: 1125 12363 N 1 0 0 1 0 0 2
Refer: 1203 12443 N 0.965926 0.258819 -0.258819 0.965926 205 -137 2
EndChar
