StartChar: uni304E
Encoding: 12366 12366 1128
Width: 1000
GlyphClass: 2
Flags: W
LayerCount: 2
Fore
Refer: 1127 12365 N 1 0 0 1 -20 0 2
Refer: 1203 12443 N 0.996195 0.0871557 -0.0871557 0.996195 -7 10 2
EndChar
