StartChar: uni3060
Encoding: 12384 12384 1146
Width: 1000
GlyphClass: 2
Flags: W
LayerCount: 2
Fore
Refer: 1145 12383 N 1 0 0 1 0 0 2
Refer: 1203 12443 N 0.997564 0.0697563 -0.0697563 0.997564 28 -16 2
Validated: 5
EndChar
